{
  "asset": {
    "generator": "COLLADA2GLTF",
    "version": "2.0"
  },
  "scene": 0,
  "scenes": [
    {
      "nodes": [
        365,
        0
      ]
    }
  ],
  "nodes": [
    {
      "children": [
        354,
        86,
        13,
        1
      ]
    },
    {
      "children": [
        2
      ],
      "matrix": [
        -0.0010287818731740117,
        0.9999183416366576,
        0.0127401202917099,
        0,
        0.9870434403419496,
        -0.0010287818731740117,
        0.1604498326778412,
        0,
        0.1604498326778412,
        0.0127401202917099,
        -0.9869617819786072,
        0,
        -272.8454895019531,
        -10.209569931030273,
        54.19012069702149,
        1
      ]
    },
    {
      "children": [
        3
      ]
    },
    {
      "children": [
        10,
        7,
        4
      ]
    },
    {
      "children": [
        5
      ]
    },
    {
      "children": [
        6
      ]
    },
    {
      "mesh": 0
    },
    {
      "children": [
        8
      ]
    },
    {
      "children": [
        9
      ]
    },
    {
      "mesh": 1
    },
    {
      "children": [
        11
      ]
    },
    {
      "children": [
        12
      ]
    },
    {
      "mesh": 2
    },
    {
      "children": [
        80,
        77,
        74,
        71,
        68,
        65,
        14
      ]
    },
    {
      "children": [
        62,
        59,
        15
      ],
      "matrix": [
        3.456146480118605e-11,
        -1,
        -3.4561353778883586e-11,
        0,
        3.4561353778883586e-11,
        3.456146480118605e-11,
        -1,
        0,
        1,
        3.4561353778883586e-11,
        3.456146480118605e-11,
        0,
        -18.35405921936035,
        -44.2807502746582,
        69.4555892944336,
        1
      ]
    },
    {
      "children": [
        56,
        52,
        48,
        44,
        40,
        36,
        32,
        28,
        24,
        20,
        16
      ],
      "matrix": [
        -1,
        0,
        -8.979318677493353e-11,
        0,
        0,
        1,
        0,
        0,
        8.979318677493353e-11,
        0,
        -1,
        0,
        -44.47123336791992,
        25.13555145263672,
        1.2060179710388184,
        1
      ]
    },
    {
      "children": [
        17
      ]
    },
    {
      "children": [
        19,
        18
      ]
    },
    {
      "mesh": 3
    },
    {
      "mesh": 4
    },
    {
      "children": [
        21
      ]
    },
    {
      "children": [
        23,
        22
      ]
    },
    {
      "mesh": 5
    },
    {
      "mesh": 6
    },
    {
      "children": [
        25
      ],
      "matrix": [
        0.7660444378852844,
        -0.6427876353263855,
        0,
        0,
        0.6427876353263855,
        0.7660444378852844,
        0,
        0,
        0,
        0,
        1,
        0,
        9.24232578277588,
        -7.755233764648438,
        4.445000171661377,
        1
      ]
    },
    {
      "children": [
        26
      ]
    },
    {
      "children": [
        27
      ]
    },
    {
      "mesh": 7
    },
    {
      "children": [
        29
      ],
      "matrix": [
        0.1736481785774231,
        -0.9848077297210692,
        0,
        0,
        0.9848077297210692,
        0.1736481785774231,
        0,
        0,
        0,
        0,
        1,
        0,
        2.095064878463745,
        -11.8817138671875,
        4.445000171661377,
        1
      ]
    },
    {
      "children": [
        30
      ]
    },
    {
      "children": [
        31
      ]
    },
    {
      "mesh": 7
    },
    {
      "children": [
        33
      ],
      "matrix": [
        -0.5,
        -0.8660253882408142,
        0,
        0,
        0.8660253882408142,
        -0.5,
        0,
        0,
        0,
        0,
        1,
        0,
        -6.03249979019165,
        -10.448600769042969,
        4.445000171661377,
        1
      ]
    },
    {
      "children": [
        34
      ]
    },
    {
      "children": [
        35
      ]
    },
    {
      "mesh": 7
    },
    {
      "children": [
        37
      ],
      "matrix": [
        -0.9396926164627076,
        -0.3420201539993286,
        0,
        0,
        0.3420201539993286,
        -0.9396926164627076,
        0,
        0,
        0,
        0,
        1,
        0,
        -11.337389945983888,
        -4.126475811004639,
        4.445000171661377,
        1
      ]
    },
    {
      "children": [
        38
      ]
    },
    {
      "children": [
        39
      ]
    },
    {
      "mesh": 7
    },
    {
      "children": [
        41
      ],
      "matrix": [
        -0.9396926164627076,
        0.3420201539993286,
        0,
        0,
        -0.3420201539993286,
        -0.9396926164627076,
        0,
        0,
        0,
        0,
        1,
        0,
        -11.337389945983888,
        4.126471996307373,
        4.445000171661377,
        1
      ]
    },
    {
      "children": [
        42
      ]
    },
    {
      "children": [
        43
      ]
    },
    {
      "mesh": 7
    },
    {
      "children": [
        45
      ],
      "matrix": [
        -0.5,
        0.8660253882408142,
        0,
        0,
        -0.8660253882408142,
        -0.5,
        0,
        0,
        0,
        0,
        1,
        0,
        -6.03249979019165,
        10.448596954345703,
        4.445000171661377,
        1
      ]
    },
    {
      "children": [
        46
      ]
    },
    {
      "children": [
        47
      ]
    },
    {
      "mesh": 7
    },
    {
      "children": [
        49
      ],
      "matrix": [
        0.1736481785774231,
        0.9848077297210692,
        0,
        0,
        -0.9848077297210692,
        0.1736481785774231,
        0,
        0,
        0,
        0,
        1,
        0,
        2.095064878463745,
        11.881706237792969,
        4.445000171661377,
        1
      ]
    },
    {
      "children": [
        50
      ]
    },
    {
      "children": [
        51
      ]
    },
    {
      "mesh": 7
    },
    {
      "children": [
        53
      ],
      "matrix": [
        0.7660444378852844,
        0.6427876353263855,
        0,
        0,
        -0.6427876353263855,
        0.7660444378852844,
        0,
        0,
        0,
        0,
        1,
        0,
        9.24232578277588,
        7.755229949951172,
        4.445000171661377,
        1
      ]
    },
    {
      "children": [
        54
      ]
    },
    {
      "children": [
        55
      ]
    },
    {
      "mesh": 7
    },
    {
      "children": [
        57
      ],
      "matrix": [
        1,
        0,
        0,
        0,
        0,
        1,
        0,
        0,
        0,
        0,
        1,
        0,
        12.0649995803833,
        0,
        4.445000171661377,
        1
      ]
    },
    {
      "children": [
        58
      ]
    },
    {
      "mesh": 8
    },
    {
      "children": [
        60
      ],
      "matrix": [
        1,
        0,
        0,
        0,
        0,
        1,
        0,
        0,
        0,
        0,
        1,
        0,
        -44.47123336791992,
        25.13555145263672,
        -9.681184768676758,
        1
      ]
    },
    {
      "children": [
        61
      ]
    },
    {
      "mesh": 9
    },
    {
      "children": [
        63
      ]
    },
    {
      "children": [
        64
      ]
    },
    {
      "mesh": 10
    },
    {
      "children": [
        66
      ],
      "matrix": [
        4.4896641959724086e-11,
        -1,
        0,
        0,
        1,
        4.4896641959724086e-11,
        0,
        0,
        0,
        0,
        1,
        0,
        -79.67300415039062,
        -0.001962000038474798,
        45.720001220703125,
        1
      ]
    },
    {
      "children": [
        67
      ]
    },
    {
      "mesh": 11
    },
    {
      "children": [
        69
      ]
    },
    {
      "children": [
        70
      ]
    },
    {
      "mesh": 12
    },
    {
      "children": [
        72
      ],
      "matrix": [
        4.4896641959724086e-11,
        0,
        -1,
        0,
        0,
        1,
        0,
        0,
        1,
        0,
        4.4896641959724086e-11,
        0,
        -61.51200866699219,
        -0.001962000038474798,
        45.720001220703125,
        1
      ]
    },
    {
      "children": [
        73
      ]
    },
    {
      "mesh": 13
    },
    {
      "children": [
        75
      ]
    },
    {
      "children": [
        76
      ]
    },
    {
      "mesh": 14
    },
    {
      "children": [
        78
      ]
    },
    {
      "children": [
        79
      ]
    },
    {
      "mesh": 15
    },
    {
      "children": [
        81
      ]
    },
    {
      "children": [
        85,
        84,
        83,
        82
      ]
    },
    {
      "mesh": 16
    },
    {
      "mesh": 17
    },
    {
      "mesh": 18
    },
    {
      "mesh": 19
    },
    {
      "children": [
        349,
        313,
        87
      ]
    },
    {
      "children": [
        310,
        307,
        304,
        249,
        187,
        88
      ]
    },
    {
      "children": [
        184,
        181,
        177,
        173,
        169,
        165,
        161,
        157,
        153,
        149,
        145,
        141,
        137,
        133,
        129,
        125,
        121,
        117,
        113,
        109,
        105,
        101,
        97,
        93,
        89
      ]
    },
    {
      "children": [
        90
      ],
      "matrix": [
        1,
        0,
        0,
        0,
        0,
        0.9659258127212524,
        -0.2588190138339997,
        0,
        0,
        0.2588190138339997,
        0.9659258127212524,
        0,
        0,
        -5.341444969177246,
        0.7026979923248291,
        1
      ]
    },
    {
      "children": [
        91
      ]
    },
    {
      "children": [
        92
      ]
    },
    {
      "mesh": 20
    },
    {
      "children": [
        94
      ],
      "matrix": [
        1,
        0,
        0,
        0,
        0,
        0.8660253882408142,
        -0.5,
        0,
        0,
        0.5,
        0.8660253882408142,
        0,
        0,
        -10.319009780883787,
        2.763921022415161,
        1
      ]
    },
    {
      "children": [
        95
      ]
    },
    {
      "children": [
        96
      ]
    },
    {
      "mesh": 20
    },
    {
      "children": [
        98
      ],
      "matrix": [
        1,
        0,
        0,
        0,
        0,
        0.7071067690849304,
        -0.7071067690849304,
        0,
        0,
        0.7071067690849304,
        0.7071067690849304,
        0,
        0,
        -14.59348964691162,
        6.043198108673096,
        1
      ]
    },
    {
      "children": [
        99
      ]
    },
    {
      "children": [
        100
      ]
    },
    {
      "mesh": 20
    },
    {
      "children": [
        102
      ],
      "matrix": [
        1,
        0,
        0,
        0,
        0,
        0.5,
        -0.8660253882408142,
        0,
        0,
        0.8660253882408142,
        0.5,
        0,
        0,
        -17.873579025268555,
        10.317049980163576,
        1
      ]
    },
    {
      "children": [
        103
      ]
    },
    {
      "children": [
        104
      ]
    },
    {
      "mesh": 20
    },
    {
      "children": [
        106
      ],
      "matrix": [
        1,
        0,
        0,
        0,
        0,
        0.258819043636322,
        -0.9659258127212524,
        0,
        0,
        0.9659258127212524,
        0.258819043636322,
        0,
        0,
        -19.93574714660645,
        15.294229507446287,
        1
      ]
    },
    {
      "children": [
        107
      ]
    },
    {
      "children": [
        108
      ]
    },
    {
      "mesh": 20
    },
    {
      "children": [
        110
      ],
      "matrix": [
        1,
        0,
        0,
        0,
        0,
        4.4896641959724086e-11,
        -1,
        0,
        0,
        1,
        4.4896641959724086e-11,
        0,
        0,
        -20.63945960998535,
        20.635540008544925,
        1
      ]
    },
    {
      "children": [
        111
      ]
    },
    {
      "children": [
        112
      ]
    },
    {
      "mesh": 20
    },
    {
      "children": [
        114
      ],
      "matrix": [
        1,
        0,
        0,
        0,
        0,
        -0.258819043636322,
        -0.9659258127212524,
        0,
        0,
        0.9659258127212524,
        -0.258819043636322,
        0,
        0,
        -19.93675994873047,
        25.97698974609375,
        1
      ]
    },
    {
      "children": [
        115
      ]
    },
    {
      "children": [
        116
      ]
    },
    {
      "mesh": 20
    },
    {
      "children": [
        118
      ],
      "matrix": [
        1,
        0,
        0,
        0,
        0,
        -0.5,
        -0.8660253882408142,
        0,
        0,
        0.8660253882408142,
        -0.5,
        0,
        0,
        -17.87553977966309,
        30.95455932617188,
        1
      ]
    },
    {
      "children": [
        119
      ]
    },
    {
      "children": [
        120
      ]
    },
    {
      "mesh": 20
    },
    {
      "children": [
        122
      ],
      "matrix": [
        1,
        0,
        0,
        0,
        0,
        -0.7071067690849304,
        -0.7071067690849304,
        0,
        0,
        0.7071067690849304,
        -0.7071067690849304,
        0,
        0,
        -14.596260070800781,
        35.22903060913086,
        1
      ]
    },
    {
      "children": [
        123
      ]
    },
    {
      "children": [
        124
      ]
    },
    {
      "mesh": 20
    },
    {
      "children": [
        126
      ],
      "matrix": [
        1,
        0,
        0,
        0,
        0,
        -0.8660253882408142,
        -0.5,
        0,
        0,
        0.5,
        -0.8660253882408142,
        0,
        0,
        -10.322409629821777,
        38.50912094116211,
        1
      ]
    },
    {
      "children": [
        127
      ]
    },
    {
      "children": [
        128
      ]
    },
    {
      "mesh": 20
    },
    {
      "children": [
        130
      ],
      "matrix": [
        1,
        0,
        0,
        0,
        0,
        -0.9659258127212524,
        -0.258819043636322,
        0,
        0,
        0.258819043636322,
        -0.9659258127212524,
        0,
        0,
        -5.345232963562012,
        40.5712890625,
        1
      ]
    },
    {
      "children": [
        131
      ]
    },
    {
      "children": [
        132
      ]
    },
    {
      "mesh": 20
    },
    {
      "children": [
        134
      ],
      "matrix": [
        1,
        0,
        0,
        0,
        0,
        -1,
        8.979318677493353e-11,
        0,
        0,
        -8.979318677493353e-11,
        -1,
        0,
        0,
        -0.003920999821275473,
        41.275001525878906,
        1
      ]
    },
    {
      "children": [
        135
      ]
    },
    {
      "children": [
        136
      ]
    },
    {
      "mesh": 20
    },
    {
      "children": [
        138
      ],
      "matrix": [
        1,
        0,
        0,
        0,
        0,
        -0.9659258127212524,
        0.258819043636322,
        0,
        0,
        -0.258819043636322,
        -0.9659258127212524,
        0,
        0,
        5.337523937225342,
        40.57231140136719,
        1
      ]
    },
    {
      "children": [
        139
      ]
    },
    {
      "children": [
        140
      ]
    },
    {
      "mesh": 20
    },
    {
      "children": [
        142
      ],
      "matrix": [
        1,
        0,
        0,
        0,
        0,
        -0.8660253882408142,
        0.5,
        0,
        0,
        -0.5,
        -0.8660253882408142,
        0,
        0,
        10.31509017944336,
        38.51108169555664,
        1
      ]
    },
    {
      "children": [
        143
      ]
    },
    {
      "children": [
        144
      ]
    },
    {
      "mesh": 20
    },
    {
      "children": [
        146
      ],
      "matrix": [
        1,
        0,
        0,
        0,
        0,
        -0.7071067690849304,
        0.7071067690849304,
        0,
        0,
        -0.7071067690849304,
        -0.7071067690849304,
        0,
        0,
        14.589570045471191,
        35.2318115234375,
        1
      ]
    },
    {
      "children": [
        147
      ]
    },
    {
      "children": [
        148
      ]
    },
    {
      "mesh": 20
    },
    {
      "children": [
        150
      ],
      "matrix": [
        1,
        0,
        0,
        0,
        0,
        -0.5,
        0.8660253882408142,
        0,
        0,
        -0.8660253882408142,
        -0.5,
        0,
        0,
        17.869659423828125,
        30.95795249938965,
        1
      ]
    },
    {
      "children": [
        151
      ]
    },
    {
      "children": [
        152
      ]
    },
    {
      "mesh": 20
    },
    {
      "children": [
        154
      ],
      "matrix": [
        1,
        0,
        0,
        0,
        0,
        -0.258819043636322,
        0.9659258127212524,
        0,
        0,
        -0.9659258127212524,
        -0.258819043636322,
        0,
        0,
        19.931827545166016,
        25.980770111083984,
        1
      ]
    },
    {
      "children": [
        155
      ]
    },
    {
      "children": [
        156
      ]
    },
    {
      "mesh": 20
    },
    {
      "children": [
        158
      ],
      "matrix": [
        1,
        0,
        0,
        0,
        0,
        4.4896641959724086e-11,
        1,
        0,
        0,
        -1,
        4.4896641959724086e-11,
        0,
        0,
        20.635540008544925,
        20.63945960998535,
        1
      ]
    },
    {
      "children": [
        159
      ]
    },
    {
      "children": [
        160
      ]
    },
    {
      "mesh": 20
    },
    {
      "children": [
        162
      ],
      "matrix": [
        1,
        0,
        0,
        0,
        0,
        0.258819043636322,
        0.9659258127212524,
        0,
        0,
        -0.9659258127212524,
        0.258819043636322,
        0,
        0,
        19.93284034729004,
        15.298020362854004,
        1
      ]
    },
    {
      "children": [
        163
      ]
    },
    {
      "children": [
        164
      ]
    },
    {
      "mesh": 20
    },
    {
      "children": [
        166
      ],
      "matrix": [
        1,
        0,
        0,
        0,
        0,
        0.5,
        0.8660253882408142,
        0,
        0,
        -0.8660253882408142,
        0.5,
        0,
        0,
        17.871620178222656,
        10.320449829101564,
        1
      ]
    },
    {
      "children": [
        167
      ]
    },
    {
      "children": [
        168
      ]
    },
    {
      "mesh": 20
    },
    {
      "children": [
        170
      ],
      "matrix": [
        1,
        0,
        0,
        0,
        0,
        0.7071067690849304,
        0.7071067690849304,
        0,
        0,
        -0.7071067690849304,
        0.7071067690849304,
        0,
        0,
        14.592339515686035,
        6.045970916748047,
        1
      ]
    },
    {
      "children": [
        171
      ]
    },
    {
      "children": [
        172
      ]
    },
    {
      "mesh": 20
    },
    {
      "children": [
        174
      ],
      "matrix": [
        1,
        0,
        0,
        0,
        0,
        0.8660253882408142,
        0.5,
        0,
        0,
        -0.5,
        0.8660253882408142,
        0,
        0,
        10.318490028381348,
        2.765881061553955,
        1
      ]
    },
    {
      "children": [
        175
      ]
    },
    {
      "children": [
        176
      ]
    },
    {
      "mesh": 20
    },
    {
      "children": [
        178
      ],
      "matrix": [
        1,
        0,
        0,
        0,
        0,
        0.9659258127212524,
        0.2588190138339997,
        0,
        0,
        -0.2588190138339997,
        0.9659258127212524,
        0,
        0,
        5.341311931610107,
        0.7037129998207092,
        1
      ]
    },
    {
      "children": [
        179
      ]
    },
    {
      "children": [
        180
      ]
    },
    {
      "mesh": 20
    },
    {
      "children": [
        182
      ]
    },
    {
      "children": [
        183
      ]
    },
    {
      "mesh": 21
    },
    {
      "children": [
        185
      ]
    },
    {
      "children": [
        186
      ]
    },
    {
      "mesh": 22
    },
    {
      "children": [
        246,
        243,
        239,
        235,
        232,
        228,
        224,
        220,
        216,
        212,
        208,
        204,
        200,
        196,
        192,
        188
      ]
    },
    {
      "children": [
        189
      ],
      "matrix": [
        1,
        0,
        0,
        0,
        0,
        0.8660253882408142,
        0.5,
        0,
        0,
        -0.5,
        0.8660253882408142,
        0,
        0,
        10.318490028381348,
        2.765882015228272,
        1
      ]
    },
    {
      "children": [
        190
      ]
    },
    {
      "children": [
        191
      ]
    },
    {
      "mesh": 23
    },
    {
      "children": [
        193
      ],
      "matrix": [
        1,
        0,
        0,
        0,
        0,
        0.5,
        0.8660253882408142,
        0,
        0,
        -0.8660253882408142,
        0.5,
        0,
        0,
        17.871620178222656,
        10.320449829101564,
        1
      ]
    },
    {
      "children": [
        194
      ]
    },
    {
      "children": [
        195
      ]
    },
    {
      "mesh": 23
    },
    {
      "children": [
        197
      ],
      "matrix": [
        1,
        0,
        0,
        0,
        0,
        4.4896641959724086e-11,
        1,
        0,
        0,
        -1,
        4.4896641959724086e-11,
        0,
        0,
        20.635540008544925,
        20.63945960998535,
        1
      ]
    },
    {
      "children": [
        198
      ]
    },
    {
      "children": [
        199
      ]
    },
    {
      "mesh": 23
    },
    {
      "children": [
        201
      ],
      "matrix": [
        1,
        0,
        0,
        0,
        0,
        -0.5,
        0.8660253882408142,
        0,
        0,
        -0.8660253882408142,
        -0.5,
        0,
        0,
        17.869659423828125,
        30.95795249938965,
        1
      ]
    },
    {
      "children": [
        202
      ]
    },
    {
      "children": [
        203
      ]
    },
    {
      "mesh": 23
    },
    {
      "children": [
        205
      ],
      "matrix": [
        1,
        0,
        0,
        0,
        0,
        -0.8660253882408142,
        0.5,
        0,
        0,
        -0.5,
        -0.8660253882408142,
        0,
        0,
        10.31509017944336,
        38.51108169555664,
        1
      ]
    },
    {
      "children": [
        206
      ]
    },
    {
      "children": [
        207
      ]
    },
    {
      "mesh": 23
    },
    {
      "children": [
        209
      ],
      "matrix": [
        1,
        0,
        0,
        0,
        0,
        -1,
        8.979318677493353e-11,
        0,
        0,
        -8.979318677493353e-11,
        -1,
        0,
        0,
        -0.003922999836504459,
        41.275001525878906,
        1
      ]
    },
    {
      "children": [
        210
      ]
    },
    {
      "children": [
        211
      ]
    },
    {
      "mesh": 23
    },
    {
      "children": [
        213
      ],
      "matrix": [
        1,
        0,
        0,
        0,
        0,
        -0.8660253882408142,
        -0.5,
        0,
        0,
        0.5,
        -0.8660253882408142,
        0,
        0,
        -10.322409629821777,
        38.50912094116211,
        1
      ]
    },
    {
      "children": [
        214
      ]
    },
    {
      "children": [
        215
      ]
    },
    {
      "mesh": 23
    },
    {
      "children": [
        217
      ],
      "matrix": [
        1,
        0,
        0,
        0,
        0,
        -0.5,
        -0.8660253882408142,
        0,
        0,
        0.8660253882408142,
        -0.5,
        0,
        0,
        -17.87553977966309,
        30.95454978942871,
        1
      ]
    },
    {
      "children": [
        218
      ]
    },
    {
      "children": [
        219
      ]
    },
    {
      "mesh": 23
    },
    {
      "children": [
        221
      ],
      "matrix": [
        1,
        0,
        0,
        0,
        0,
        4.4896641959724086e-11,
        -1,
        0,
        0,
        1,
        4.4896641959724086e-11,
        0,
        0,
        -20.63945960998535,
        20.635540008544925,
        1
      ]
    },
    {
      "children": [
        222
      ]
    },
    {
      "children": [
        223
      ]
    },
    {
      "mesh": 23
    },
    {
      "children": [
        225
      ],
      "matrix": [
        1,
        0,
        0,
        0,
        0,
        0.5,
        -0.8660253882408142,
        0,
        0,
        0.8660253882408142,
        0.5,
        0,
        0,
        -17.873579025268555,
        10.317049980163576,
        1
      ]
    },
    {
      "children": [
        226
      ]
    },
    {
      "children": [
        227
      ]
    },
    {
      "mesh": 23
    },
    {
      "children": [
        229
      ],
      "matrix": [
        1,
        0,
        0,
        0,
        0,
        0.8660253882408142,
        -0.5,
        0,
        0,
        0.5,
        0.8660253882408142,
        0,
        0,
        -10.319009780883787,
        2.7639200687408447,
        1
      ]
    },
    {
      "children": [
        230
      ]
    },
    {
      "children": [
        231
      ]
    },
    {
      "mesh": 23
    },
    {
      "children": [
        233
      ]
    },
    {
      "children": [
        234
      ]
    },
    {
      "mesh": 24
    },
    {
      "children": [
        236
      ],
      "matrix": [
        1,
        0,
        0,
        0,
        0,
        1,
        0,
        0,
        0,
        0,
        1,
        0,
        -32.70249938964844,
        0,
        0,
        1
      ]
    },
    {
      "children": [
        237
      ]
    },
    {
      "children": [
        238
      ]
    },
    {
      "mesh": 25
    },
    {
      "children": [
        240
      ],
      "matrix": [
        1,
        0,
        0,
        0,
        0,
        1,
        0,
        0,
        0,
        0,
        1,
        0,
        -31.4325008392334,
        0,
        0,
        1
      ]
    },
    {
      "children": [
        241
      ]
    },
    {
      "children": [
        242
      ]
    },
    {
      "mesh": 25
    },
    {
      "children": [
        244
      ]
    },
    {
      "children": [
        245
      ]
    },
    {
      "mesh": 26
    },
    {
      "children": [
        247
      ]
    },
    {
      "children": [
        248
      ]
    },
    {
      "mesh": 27
    },
    {
      "children": [
        301,
        298,
        295,
        292,
        289,
        286,
        282,
        278,
        274,
        270,
        266,
        262,
        258,
        254,
        250
      ]
    },
    {
      "children": [
        251
      ],
      "matrix": [
        1,
        0,
        0,
        0,
        0,
        0.80901700258255,
        -0.5877852439880371,
        0,
        0,
        0.5877852439880371,
        0.80901700258255,
        0,
        0,
        -12.130769729614258,
        3.940250873565674,
        1
      ]
    },
    {
      "children": [
        252
      ]
    },
    {
      "children": [
        253
      ]
    },
    {
      "mesh": 28
    },
    {
      "children": [
        255
      ],
      "matrix": [
        1,
        0,
        0,
        0,
        0,
        0.3090170025825501,
        -0.9510565400123596,
        0,
        0,
        0.9510565400123596,
        0.3090170025825501,
        0,
        0,
        -19.62874984741211,
        14.258270263671877,
        1
      ]
    },
    {
      "children": [
        256
      ]
    },
    {
      "children": [
        257
      ]
    },
    {
      "mesh": 28
    },
    {
      "children": [
        259
      ],
      "matrix": [
        1,
        0,
        0,
        0,
        0,
        -0.3090170025825501,
        -0.9510565400123596,
        0,
        0,
        0.9510565400123596,
        -0.3090170025825501,
        0,
        0,
        -19.629959106445316,
        27.012920379638675,
        1
      ]
    },
    {
      "children": [
        260
      ]
    },
    {
      "children": [
        261
      ]
    },
    {
      "mesh": 28
    },
    {
      "children": [
        263
      ],
      "matrix": [
        1,
        0,
        0,
        0,
        0,
        -0.80901700258255,
        -0.5877852439880371,
        0,
        0,
        0.5877852439880371,
        -0.80901700258255,
        0,
        0,
        -12.133939743041992,
        37.33235931396485,
        1
      ]
    },
    {
      "children": [
        264
      ]
    },
    {
      "children": [
        265
      ]
    },
    {
      "mesh": 28
    },
    {
      "children": [
        267
      ],
      "matrix": [
        1,
        0,
        0,
        0,
        0,
        -1,
        8.979318677493353e-11,
        0,
        0,
        -8.979318677493353e-11,
        -1,
        0,
        0,
        -0.003922999836504459,
        41.27492141723633,
        1
      ]
    },
    {
      "children": [
        268
      ]
    },
    {
      "children": [
        269
      ]
    },
    {
      "mesh": 28
    },
    {
      "children": [
        271
      ],
      "matrix": [
        1,
        0,
        0,
        0,
        0,
        -0.80901700258255,
        0.5877852439880371,
        0,
        0,
        -0.5877852439880371,
        -0.80901700258255,
        0,
        0,
        12.126850128173828,
        37.33467102050781,
        1
      ]
    },
    {
      "children": [
        272
      ]
    },
    {
      "children": [
        273
      ]
    },
    {
      "mesh": 28
    },
    {
      "children": [
        275
      ],
      "matrix": [
        1,
        0,
        0,
        0,
        0,
        -0.3090170025825501,
        0.9510565400123596,
        0,
        0,
        -0.9510565400123596,
        -0.3090170025825501,
        0,
        0,
        19.62482070922852,
        27.016647338867188,
        1
      ]
    },
    {
      "children": [
        276
      ]
    },
    {
      "children": [
        277
      ]
    },
    {
      "mesh": 28
    },
    {
      "children": [
        279
      ],
      "matrix": [
        1,
        0,
        0,
        0,
        0,
        0.3090170025825501,
        0.9510565400123596,
        0,
        0,
        -0.9510565400123596,
        0.3090170025825501,
        0,
        0,
        19.62602996826172,
        14.26200008392334,
        1
      ]
    },
    {
      "children": [
        280
      ]
    },
    {
      "children": [
        281
      ]
    },
    {
      "mesh": 28
    },
    {
      "children": [
        283
      ],
      "matrix": [
        1,
        0,
        0,
        0,
        0,
        0.80901700258255,
        0.5877852439880371,
        0,
        0,
        -0.5877852439880371,
        0.80901700258255,
        0,
        0,
        12.130020141601564,
        3.9425570964813232,
        1
      ]
    },
    {
      "children": [
        284
      ]
    },
    {
      "children": [
        285
      ]
    },
    {
      "mesh": 28
    },
    {
      "children": [
        287
      ]
    },
    {
      "children": [
        288
      ]
    },
    {
      "mesh": 29
    },
    {
      "children": [
        290
      ]
    },
    {
      "children": [
        291
      ]
    },
    {
      "mesh": 30
    },
    {
      "children": [
        293
      ]
    },
    {
      "children": [
        294
      ]
    },
    {
      "mesh": 31
    },
    {
      "children": [
        296
      ]
    },
    {
      "children": [
        297
      ]
    },
    {
      "mesh": 32
    },
    {
      "children": [
        299
      ]
    },
    {
      "children": [
        300
      ]
    },
    {
      "mesh": 33
    },
    {
      "children": [
        302
      ]
    },
    {
      "children": [
        303
      ]
    },
    {
      "mesh": 34
    },
    {
      "children": [
        305
      ]
    },
    {
      "children": [
        306
      ]
    },
    {
      "mesh": 35
    },
    {
      "children": [
        308
      ]
    },
    {
      "children": [
        309
      ]
    },
    {
      "mesh": 36
    },
    {
      "children": [
        311
      ]
    },
    {
      "children": [
        312
      ]
    },
    {
      "mesh": 37
    },
    {
      "children": [
        346,
        342,
        334,
        328,
        321,
        318,
        314
      ],
      "matrix": [
        4.4896641959724086e-11,
        0,
        -1,
        0,
        0,
        1,
        0,
        0,
        1,
        0,
        4.4896641959724086e-11,
        0,
        -184.35150146484375,
        1.9972620010375977,
        -9.216973304748535,
        1
      ]
    },
    {
      "children": [
        315
      ],
      "matrix": [
        4.4896641959724086e-11,
        0,
        1,
        0,
        0,
        1,
        0,
        0,
        -1,
        0,
        4.4896641959724086e-11,
        0,
        -2.6419739723205566,
        3.3805689811706543,
        23.54209899902344,
        1
      ]
    },
    {
      "children": [
        316
      ]
    },
    {
      "children": [
        317
      ]
    },
    {
      "mesh": 38
    },
    {
      "children": [
        319
      ],
      "matrix": [
        4.4896641959724086e-11,
        0,
        -1,
        0,
        0,
        1,
        0,
        0,
        1,
        0,
        4.4896641959724086e-11,
        0,
        -52.64822006225586,
        3.3805689811706543,
        36.78289413452149,
        1
      ]
    },
    {
      "children": [
        320
      ]
    },
    {
      "mesh": 39
    },
    {
      "children": [
        322
      ],
      "matrix": [
        -2.220446049250313e-16,
        -6.349337028366264e-11,
        -1,
        0,
        6.349337028366264e-11,
        -1,
        6.349337028366264e-11,
        0,
        -1,
        -6.349337028366264e-11,
        -2.220446049250313e-16,
        0,
        -67.33260345458984,
        -5.051225185394287,
        46.05857467651367,
        1
      ]
    },
    {
      "children": [
        323
      ]
    },
    {
      "children": [
        327,
        326,
        325,
        324
      ]
    },
    {
      "mesh": 40
    },
    {
      "mesh": 41
    },
    {
      "mesh": 42
    },
    {
      "mesh": 43
    },
    {
      "children": [
        329
      ],
      "matrix": [
        -2.220446049250313e-16,
        6.349337028366264e-11,
        1,
        0,
        -6.349337028366264e-11,
        -1,
        6.349337028366264e-11,
        0,
        1,
        -6.349337028366264e-11,
        -2.220446049250313e-16,
        0,
        12.042399406433105,
        -5.051225185394287,
        14.266417503356934,
        1
      ]
    },
    {
      "children": [
        333,
        332,
        331,
        330
      ]
    },
    {
      "mesh": 44
    },
    {
      "mesh": 45
    },
    {
      "mesh": 46
    },
    {
      "mesh": 47
    },
    {
      "children": [
        335
      ]
    },
    {
      "children": [
        341,
        340,
        339,
        338,
        337,
        336
      ]
    },
    {
      "mesh": 48
    },
    {
      "mesh": 49
    },
    {
      "mesh": 50
    },
    {
      "mesh": 51
    },
    {
      "mesh": 52
    },
    {
      "mesh": 53
    },
    {
      "children": [
        343
      ],
      "matrix": [
        -1,
        8.979318677493353e-11,
        0,
        0,
        -8.979318677493353e-11,
        -1,
        0,
        0,
        0,
        0,
        1,
        0,
        -58.06832122802735,
        -3.2048110961914062,
        0,
        1
      ]
    },
    {
      "children": [
        344
      ]
    },
    {
      "children": [
        345
      ]
    },
    {
      "mesh": 54
    },
    {
      "children": [
        347
      ],
      "matrix": [
        1,
        0,
        0,
        0,
        0,
        1,
        0,
        0,
        0,
        0,
        1,
        0,
        2.778125047683716,
        0,
        0,
        1
      ]
    },
    {
      "children": [
        348
      ]
    },
    {
      "mesh": 55
    },
    {
      "children": [
        350
      ],
      "matrix": [
        4.4896641959724086e-11,
        0,
        1,
        0,
        0,
        1,
        0,
        0,
        -1,
        0,
        4.4896641959724086e-11,
        0,
        -98.91097259521484,
        -38.12303924560547,
        -10.112939834594728,
        1
      ]
    },
    {
      "children": [
        353,
        352,
        351
      ]
    },
    {
      "mesh": 56
    },
    {
      "mesh": 57
    },
    {
      "mesh": 58
    },
    {
      "children": [
        362,
        355
      ]
    },
    {
      "children": [
        356
      ]
    },
    {
      "children": [
        361,
        360,
        359,
        358,
        357
      ]
    },
    {
      "mesh": 59
    },
    {
      "mesh": 60
    },
    {
      "mesh": 61
    },
    {
      "mesh": 62
    },
    {
      "mesh": 63
    },
    {
      "children": [
        363
      ]
    },
    {
      "children": [
        364
      ]
    },
    {
      "mesh": 64
    },
    {
      "matrix": [
        0.7783758640289307,
        0.02331249602138996,
        0.6273655295372009,
        0,
        0.47401687502861034,
        -0.6770432591438293,
        -0.5629568696022034,
        0,
        0.41162964701652527,
        0.7355738878250122,
        -0.5380446314811707,
        0,
        189.95187377929688,
        579.0979614257812,
        -386.1866149902344,
        1
      ],
      "camera": 0
    }
  ],
  "cameras": [
    {
      "perspective": {
        "aspectRatio": 1,
        "yfov": 0.3580145239830017,
        "zfar": 1000000,
        "znear": 0.04999999701976776
      },
      "type": "perspective"
    }
  ],
  "meshes": [
    {
      "primitives": [
        {
          "attributes": {
            "NORMAL": 1,
            "POSITION": 2
          },
          "indices": 0,
          "mode": 4,
          "material": 0,
          "extensions": {
            "KHR_draco_mesh_compression": {
              "bufferView": 0,
              "attributes": {
                "NORMAL": 0,
                "POSITION": 1
              }
            }
          }
        }
      ],
      "name": "body_177"
    },
    {
      "primitives": [
        {
          "attributes": {
            "NORMAL": 4,
            "POSITION": 5
          },
          "indices": 3,
          "mode": 4,
          "material": 1,
          "extensions": {
            "KHR_draco_mesh_compression": {
              "bufferView": 1,
              "attributes": {
                "NORMAL": 0,
                "POSITION": 1
              }
            }
          }
        }
      ],
      "name": "body_175"
    },
    {
      "primitives": [
        {
          "attributes": {
            "NORMAL": 7,
