{
  "asset": {
    "generator": "COLLADA2GLTF",
    "version": "2.0"
  },
  "scene": 0,
  "scenes": [
    {
      "nodes": [
        81,
        0
      ]
    }
  ],
  "nodes": [
    {
      "children": [
        80,
        79,
        78,
        77,
        76,
        75,
        74,
        73,
        13,
        10,
        7,
        4,
        1
      ]
    },
    {
      "children": [
        3,
        2
      ],
      "matrix": [
        1,
        0,
        0,
        0,
        0,
        1,
        0,
        0,
        0,
        0,
        1,
        0,
        136.860107421875,
        -64.45372009277344,
        -36.179630279541016,
        1
      ]
    },
    {
      "mesh": 0,
      "matrix": [
        -1,
        8.979318677493353e-11,
        0,
        0,
        -8.979318677493353e-11,
        -1,
        0,
        0,
        0,
        0,
        1,
        0,
        -294.67718505859375,
        73.97987365722656,
        16.17963218688965,
        1
      ]
    },
    {
      "mesh": 1,
      "matrix": [
        0.9995650053024292,
        0.029493184760212895,
        0,
        0,
        -0.029493184760212895,
        0.9995650053024292,
        0,
        0,
        0,
        0,
        1,
        0,
        -45.315460205078125,
        -24.617263793945316,
        -26.320369720458984,
        1
      ]
    },
    {
      "children": [
        6,
        5
      ],
      "matrix": [
        -1,
        8.979318677493353e-11,
        0,
        0,
        -8.979318677493353e-11,
        -1,
        0,
        0,
        0,
        0,
        1,
        0,
        -136.860107421875,
        64.45372009277344,
        3.8203670978546143,
        1
      ]
    },
    {
      "mesh": 0,
      "matrix": [
        -1,
        8.979318677493353e-11,
        0,
        0,
        -8.979318677493353e-11,
        -1,
        0,
        0,
        0,
        0,
        1,
        0,
        -294.67718505859375,
        73.97987365722656,
        16.17963218688965,
        1
      ]
    },
    {
      "mesh": 1,
      "matrix": [
        0.9995650053024292,
        0.029493184760212895,
        0,
        0,
        -0.029493184760212895,
        0.9995650053024292,
        0,
        0,
        0,
        0,
        1,
        0,
        -45.315460205078125,
        -24.617263793945316,
        -26.32036781311035,
        1
      ]
    },
    {
      "children": [
        9,
        8
      ],
      "matrix": [
        -0.5,
        -0.8660253882408142,
        0,
        0,
        0.8660253882408142,
        -0.5,
        0,
        0,
        0,
        0,
        1,
        0,
        18.09818458557129,
        -69.69783782958984,
        -105.559814453125,
        1
      ]
    },
    {
      "mesh": 2,
      "matrix": [
        -0.9390941858291626,
        0.3436597883701325,
        0,
        0,
        -0.3436597883701325,
        -0.9390941858291626,
        0,
        0,
        0,
        0,
        1,
        0,
        -51.311012268066406,
        -50.52240753173828,
        -18.440185546875,
        1
      ]
    },
    {
      "mesh": 3,
      "matrix": [
        -0.9390941858291626,
        0.3436597883701325,
        0,
        0,
        -0.3436597883701325,
        -0.9390941858291626,
        0,
        0,
        0,
        0,
        1,
        0,
        -51.311012268066406,
        -50.52240753173828,
        107.559814453125,
        1
      ]
    },
    {
      "children": [
        12,
        11
      ],
      "matrix": [
        0.7071067690849304,
        -0.7071067690849304,
        0,
        0,
        0.7071067690849304,
        0.7071067690849304,
        0,
        0,
        0,
        0,
        1,
        0,
        47.17867660522461,
        -52.821327209472656,
        -88.94477081298828,
        1
      ]
    },
    {
      "mesh": 4,
      "matrix": [
        -0.4234085381031037,
        -0.9059388637542723,
        -7.575183536001616e-11,
        0,
        -0.9059388637542723,
        0.4234085381031037,
        -4.821281221478735e-11,
        0,
        7.575183536001616e-11,
        4.821281221478735e-11,
        -1,
        0,
        -90.59386444091795,
        -24.379817962646488,
        -40.05522918701172,
        1
      ]
    },
    {
      "mesh": 5,
      "matrix": [
        -1.877404400829619e-7,
        -1.194886607436274e-7,
        1,
        0,
        -0.905938446521759,
        0.42340943217277527,
        -1.194886607436274e-7,
        0,
        -0.42340943217277527,
        -0.905938446521759,
        -1.877404400829619e-7,
        0,
        -30.2958984375,
        -52.56131362915039,
        25.05522727966309,
        1
      ]
    },
    {
      "children": [
        72,
        71,
        70,
        69,
        68,
        67,
        66,
        65,
        14
      ]
    },
    {
      "children": [
        64,
        63,
        62,
        61,
        60,
        59,
        58,
        57,
        56,
        43,
        29,
        15
      ],
      "matrix": [
        -2.430540746445331e-7,
        0.0000014087579529586949,
        -1,
        0,
        -1,
        -2.430540746445331e-7,
        2.4305373358402004e-7,
        0,
        -2.4305373358402004e-7,
        1,
        0.0000014087580666455324,
        0,
        -48.26182556152344,
        -59.11042404174805,
        34.595985412597656,
        1
      ]
    },
    {
      "children": [
        28,
        27,
        16
      ],
      "matrix": [
        -0.4546820223331452,
        0.6541662216186523,
        -0.6044260263442993,
        0,
        0.8696397542953491,
        0.4726206660270691,
        -0.1426759660243988,
        0,
        0.19233042001724243,
        -0.590505063533783,
        -0.7837810516357422,
        0,
        14.898193359375,
        85.82951354980469,
        -48.034645080566406,
        1
      ]
    },
    {
      "children": [
        26,
        25,
        24,
        23,
        22,
        21,
        20,
        19,
        18,
        17
      ]
    },
    {
      "mesh": 6,
      "matrix": [
        0.8450329899787903,
        0.005398945417255163,
        -0.5346869230270386,
        0,
        -0.4710906744003296,
        0.4805830717086792,
        -0.7396712303161621,
        0,
        0.25296804308891296,
        0.8769326210021973,
        0.4086519181728363,
        0,
        -74.0894775390625,
        71.41646575927734,
        -157.91323852539065,
        1
      ]
    },
    {
      "mesh": 6,
      "matrix": [
        -0.7145451903343201,
        -0.1154177337884903,
        0.6900028586387634,
        0,
        -0.6522517800331116,
        0.4665486216545105,
        -0.5974110960960388,
        0,
        -0.25296807289123535,
        -0.8769327998161316,
        -0.4086515009403229,
        0,
        122.53109741210938,
        86.64814758300781,
        -312.3133850097656,
        1
      ]
    },
    {
      "mesh": 6,
      "matrix": [
        0.8450329899787903,
        0.005398945417255163,
        -0.5346869230270386,
        0,
        -0.4710906744003296,
        0.4805830717086792,
        -0.7396712303161621,
        0,
        0.25296804308891296,
        0.8769326210021973,
        0.4086519181728363,
        0,
        -69.3792953491211,
        71.78133392333984,
        -161.61203002929688,
        1
      ]
    },
    {
      "mesh": 6,
      "matrix": [
        -0.7145451903343201,
        -0.1154177337884903,
        0.6900028586387634,
        0,
        -0.6522517800331116,
        0.4665486216545105,
        -0.5974110960960388,
        0,
        -0.25296807289123535,
        -0.8769327998161316,
        -0.4086515009403229,
        0,
        127.24127197265624,
        87.01302337646484,
        -316.0121765136719,
        1
      ]
    },
    {
      "mesh": 6,
      "matrix": [
        0.8450329899787903,
        0.005398945417255163,
        -0.5346869230270386,
        0,
        -0.4710906744003296,
        0.4805830717086792,
        -0.7396712303161621,
        0,
        0.25296804308891296,
        0.8769326210021973,
        0.4086519181728363,
        0,
        -64.66907501220703,
        72.14624786376953,
        -165.310791015625,
        1
      ]
    },
    {
      "mesh": 6,
      "matrix": [
        -0.7145451903343201,
        -0.1154177337884903,
        0.6900028586387634,
        0,
        -0.6522517800331116,
        0.4665486216545105,
        -0.5974110960960388,
        0,
        -0.25296807289123535,
        -0.8769327998161316,
        -0.4086515009403229,
        0,
        131.9515380859375,
        87.37792205810547,
        -319.7109680175781,
        1
      ]
    },
    {
      "mesh": 6,
      "matrix": [
        0.8450329899787903,
        0.005398945417255163,
        -0.5346869230270386,
        0,
        -0.4710906744003296,
        0.4805830717086792,
        -0.7396712303161621,
        0,
        0.25296804308891296,
        0.8769326210021973,
        0.4086519181728363,
        0,
        -59.958885192871094,
        72.5111312866211,
        -169.00955200195312,
        1
      ]
    },
    {
      "mesh": 6,
      "matrix": [
        -0.7145451903343201,
        -0.1154177337884903,
        0.6900028586387634,
        0,
        -0.6522517800331116,
        0.4665486216545105,
        -0.5974110960960388,
        0,
        -0.25296807289123535,
        -0.8769327998161316,
        -0.4086515009403229,
        0,
        136.66165161132812,
        87.74280548095703,
        -323.4097595214844,
        1
      ]
    },
    {
      "mesh": 6,
      "matrix": [
        0.8450329899787903,
        0.005398945417255163,
        -0.5346869230270386,
        0,
        -0.4710906744003296,
        0.4805830717086792,
        -0.7396712303161621,
        0,
        0.25296804308891296,
        0.8769326210021973,
        0.4086519181728363,
        0,
        -55.24869537353516,
        72.87601470947266,
        -172.70831298828125,
        1
      ]
    },
    {
      "mesh": 6,
      "matrix": [
        -0.7145451903343201,
        -0.1154177337884903,
        0.6900028586387634,
        0,
        -0.6522517800331116,
        0.4665486216545105,
        -0.5974110960960388,
        0,
        -0.25296807289123535,
        -0.8769327998161316,
        -0.4086515009403229,
        0,
        141.37188720703125,
        88.10767364501953,
        -327.1084899902344,
        1
      ]
    },
    {
      "mesh": 7,
      "matrix": [
        0.7850325703620911,
        0.06081420928239823,
        -0.6164620518684387,
        0,
        -0.13561886548995972,
        0.9878994822502136,
        -0.07524696737527847,
        0,
        0.6044265031814575,
        0.14267520606517792,
        0.7837808728218079,
        0,
        -5.746735095977783,
        -250.409912109375,
        -86.68790435791016,
        1
      ]
    },
    {
      "mesh": 8,
      "matrix": [
        0.785033106803894,
        0.06081344559788704,
        -0.616461455821991,
        0,
        -0.3681585192680359,
        -0.7545340061187744,
        -0.5432658195495605,
        0,
        -0.4981790184974671,
        0.6534371972084045,
        -0.569945216178894,
        0,
        34.187137603759766,
        252.666015625,
        65.06369018554688,
        1
      ]
    },
    {
      "children": [
        42,
        41,
        30
      ],
      "matrix": [
        0.4546822011470794,
        0.6541662216186523,
        0.604425847530365,
        0,
        -0.8696396350860596,
        0.4726209044456482,
        0.14267593622207642,
        0,
        -0.1923305094242096,
        -0.5905048847198486,
        0.7837811708450317,
        0,
        91.87051391601564,
        80.63255310058594,
        166.26089477539065,
        1
      ]
    },
    {
      "children": [
        40,
        39,
        38,
        37,
        36,
        35,
        34,
        33,
        32,
        31
      ]
    },
    {
      "mesh": 6,
      "matrix": [
        0.8620702028274536,
        -0.015319700352847576,
        -0.506557285785675,
        0,
        -0.4340354502201081,
        0.4936883449554444,
        -0.7535814642906189,
        0,
        0.26162606477737427,
        0.8695039749145508,
        0.41894471645355225,
        0,
        -77.39921569824219,
        74.49835205078125,
        -159.90199279785156,
        1
      ]
    },
    {
      "mesh": 6,
      "matrix": [
        -0.6893031001091003,
        -0.13550062477588654,
        0.7116886973381042,
        0,
        -0.6755834221839905,
        0.47497618198394775,
        -0.5639013051986694,
        0,
        -0.2616262137889862,
        -0.8695039749145508,
        -0.4189445376396179,
        0,
        115.9541015625,
        89.47693634033203,
        -311.7364501953125,
        1
      ]
    },
    {
      "mesh": 6,
      "matrix": [
        0.8620702028274536,
        -0.015319700352847576,
        -0.506557285785675,
        0,
        -0.4340354502201081,
        0.4936883449554444,
        -0.7535814642906189,
        0,
        0.26162606477737427,
        0.8695039749145508,
        0.41894471645355225,
        0,
        -71.11894989013672,
        74.98487091064453,
        -164.83367919921875,
        1
      ]
    },
    {
      "mesh": 6,
      "matrix": [
        -0.6893031001091003,
        -0.13550062477588654,
        0.7116886973381042,
        0,
        -0.6755834221839905,
        0.47497618198394775,
        -0.5639013051986694,
        0,
        -0.2616262137889862,
        -0.8695039749145508,
        -0.4189445376396179,
        0,
        122.234375,
        89.96346282958984,
        -316.668212890625,
        1
      ]
    },
    {
      "mesh": 6,
      "matrix": [
        0.8620702028274536,
        -0.015319700352847576,
        -0.506557285785675,
        0,
        -0.4340354502201081,
        0.4936883449554444,
        -0.7535814642906189,
        0,
        0.26162606477737427,
        0.8695039749145508,
        0.41894471645355225,
        0,
        -64.83870697021484,
        75.47139739990234,
        -169.76536560058597,
        1
      ]
    },
    {
      "mesh": 6,
      "matrix": [
        -0.6893031001091003,
        -0.13550062477588654,
        0.7116886973381042,
        0,
        -0.6755834221839905,
        0.47497618198394775,
        -0.5639013051986694,
        0,
        -0.2616262137889862,
        -0.8695039749145508,
        -0.4189445376396179,
        0,
        128.51461791992188,
        90.44998931884766,
        -321.5999145507813,
        1
      ]
    },
    {
      "mesh": 6,
      "matrix": [
        0.8620702028274536,
        -0.015319700352847576,
        -0.506557285785675,
        0,
        -0.4340354502201081,
        0.4936883449554444,
        -0.7535814642906189,
        0,
        0.26162606477737427,
        0.8695039749145508,
        0.41894471645355225,
        0,
        -58.558441162109375,
        75.9579086303711,
        -174.6970672607422,
        1
      ]
    },
    {
      "mesh": 6,
      "matrix": [
        -0.6893031001091003,
        -0.13550062477588654,
        0.7116886973381042,
        0,
        -0.6755834221839905,
        0.47497618198394775,
        -0.5639013051986694,
        0,
        -0.2616262137889862,
        -0.8695039749145508,
        -0.4189445376396179,
        0,
        134.79489135742188,
        90.9365005493164,
        -326.5315856933594,
        1
      ]
    },
    {
      "mesh": 6,
      "matrix": [
        0.8620702028274536,
        -0.015319700352847576,
        -0.506557285785675,
        0,
        -0.4340354502201081,
        0.4936883449554444,
        -0.7535814642906189,
        0,
        0.26162606477737427,
        0.8695039749145508,
        0.41894471645355225,
        0,
        -52.27817535400391,
        76.44441223144531,
        -179.62875366210938,
        1
      ]
    },
    {
      "mesh": 6,
      "matrix": [
        -0.6893031001091003,
        -0.13550062477588654,
        0.7116886973381042,
        0,
        -0.6755834221839905,
        0.47497618198394775,
        -0.5639013051986694,
        0,
        -0.2616262137889862,
        -0.8695039749145508,
        -0.4189445376396179,
        0,
        141.07516479492188,
        91.42301940917967,
        -331.4632263183594,
        1
      ]
    },
    {
      "mesh": 7,
      "matrix": [
        0.7850325703620911,
        0.06081420928239823,
        -0.6164620518684387,
        0,
        -0.13561886548995972,
        0.9878994822502136,
        -0.07524696737527847,
        0,
        0.6044265031814575,
        0.14267520606517792,
        0.7837808728218079,
        0,
        -1.248520016670227,
        -250.06192016601565,
        -90.22713470458984,
        1
      ]
    },
    {
      "mesh": 8,
      "matrix": [
        0.7850322723388672,
        0.06081392988562584,
        -0.6164625287055969,
        0,
        -0.3924780488014221,
        -0.7211048007011414,
        -0.5709367990493774,
        0,
        -0.4792549908161164,
        0.6901518106460571,
        -0.5422223806381226,
        0,
        45.59693908691406,
        243.51312255859375,
        69.38878631591797,
        1
      ]
    },
    {
      "children": [
        55,
        54,
        49,
        44
      ],
      "matrix": [
        0.9999974370002748,
        0,
        -0.0022710729390382767,
        0,
        0,
        1,
        0,
        0,
        0.0022710729390382767,
        0,
        0.9999974370002748,
        0,
        -0.13409000635147095,
        -12.999988555908203,
        0.12365700304508208,
        1
      ]
    },
    {
      "children": [
        48,
        47,
        46,
        45
      ],
      "matrix": [
        1,
        0,
        0,
        0,
        0,
        1,
        0,
        0,
        0,
        0,
        1,
        0,
        -0.000007999999979801942,
        -0.000011000000085914508,
        -99.9995346069336,
        1
      ]
    },
    {
      "mesh": 9,
      "matrix": [
        0.9999974370002748,
        0,
        0.002270043129101396,
        0,
        0,
        1,
        0,
        0,
        -0.002270043129101396,
        0,
        0.9999974370002748,
        0,
        49.7321662902832,
        344.3533630371094,
        79.59915161132812,
        1
      ]
    },
    {
      "mesh": 10,
      "matrix": [
        0.9999974370002748,
        1.0191530236923485e-13,
        0.0022699993569403887,
        0,
        -1.0191530236923485e-13,
        -1,
        8.97931243248884e-11,
        0,
        0.0022699993569403887,
        -8.97931243248884e-11,
        -0.9999974370002748,
        0,
        49.69811248779297,
        257.12298583984375,
        94.59911346435548,
        1
      ]
    },
    {
      "mesh": 11,
      "matrix": [
        0.9986716508865356,
        -4.959933574966158e-10,
        -0.051525991410017014,
        0,
        -0.051525991410017014,
        -1.9239376314317272e-8,
        -0.9986716508865356,
        0,
        -4.959933574966158e-10,
        1,
        -1.9239376314317272e-8,
        0,
        67.53964233398438,
        326.7381286621094,
        297.74066162109375,
        1
      ]
    },
    {
      "mesh": 11,
      "matrix": [
        0.9986629486083984,
        -1.884843170429917e-9,
        -0.05169397220015526,
        0,
        -0.05169397220015526,
        -7.287438563707839e-8,
        -0.9986629486083984,
        0,
        -1.884843170429917e-9,
        1,
        -7.287438563707839e-8,
        0,
        17.574960708618164,
        326.7381286621094,
        297.6291809082031,
        1
      ]
    },
    {
      "children": [
        53,
        52,
        51,
        50
      ]
    },
    {
      "mesh": 9,
      "matrix": [
        0.9999974370002748,
        0,
        0.002270043129101396,
        0,
        0,
        1,
        0,
        0,
        -0.002270043129101396,
        0,
        0.9999974370002748,
        0,
        49.50515365600586,
        344.3533630371094,
        79.59934997558594,
        1
      ]
    },
    {
      "mesh": 10,
      "matrix": [
        0.9999974370002748,
        1.0191530236923485e-13,
        0.0022699993569403887,
        0,
        -1.0191530236923485e-13,
        -1,
        8.97931243248884e-11,
        0,
        0.0022699993569403887,
        -8.97931243248884e-11,
        -0.9999974370002748,
        0,
        49.47110366821289,
        257.1229553222656,
        94.59931182861328,
        1
      ]
    },
    {
      "mesh": 11,
      "matrix": [
        0.9984543323516846,
        -6.428584886641885e-10,
        -0.05557801201939583,
        0,
        -0.05557801201939583,
        -2.311567648405344e-8,
        -0.9984543323516846,
        0,
        -6.428584886641885e-10,
        1,
        -2.311567648405344e-8,
        0,
        68.16710662841797,
        326.7381286621094,
        297.7886657714844,
        1
      ]
    },
    {
      "mesh": 11,
      "matrix": [
        0.998445212841034,
        5.507552747197052e-10,
        -0.05574197694659233,
        0,
        -0.05574197694659233,
        1.97455189976381e-8,
        -0.998445212841034,
        0,
        5.507552747197052e-10,
        1,
        1.97455189976381e-8,
        0,
        18.201759338378906,
        326.7381286621094,
        297.6770324707031,
        1
      ]
    },
    {
      "mesh": 12,
      "matrix": [
        -0.9999873638153076,
        -0.004487415309995413,
        -0.0022699744440615177,
        0,
        0.004487401805818081,
        -0.999989926815033,
        0.000011093182365584651,
        0,
        -0.0022700014524161816,
        9.06754564766743e-7,
        0.9999974370002748,
        0,
        -29.98022842407227,
        768.69921875,
        -20.581327438354492,
        1
      ]
    },
    {
      "mesh": 12,
      "matrix": [
        -0.9999850392341614,
        -0.004973169881850481,
        -0.002269970485940576,
        0,
        0.004973156377673149,
        -0.9999876618385316,
        0.00001164450713986298,
        0,
        -0.0022700002882629637,
        3.554153522600245e-7,
        0.9999974370002748,
        0,
        48.794708251953125,
        768.6771850585938,
        -20.40250396728516,
        1
      ]
    },
    {
      "mesh": 13,
      "matrix": [
        -0.8213930726051331,
        0.3830228745937348,
        0.4226191341876984,
        0,
        -0.3830228745937348,
        0.17860689759254456,
        -0.9063073992729188,
        0,
        -0.4226191341876984,
        -0.9063073992729188,
        4.807415265872805e-8,
        0,
        -141.64085388183597,
        388.6727600097656,
        122.00779724121094,
        1
      ]
    },
    {
      "mesh": 13,
      "matrix": [
        -0.8213450312614441,
        -0.38299909234046936,
        0.42273396253585815,
        0,
        -0.38312679529190075,
        -0.1786557286977768,
        -0.9062538146972656,
        0,
        0.4226182401180268,
        -0.906307816505432,
        7.823305168130901e-7,
        0,
        -270.7940673828125,
        145.4340057373047,
        122.04411315917967,
        1
      ]
    },
    {
      "mesh": 14,
      "matrix": [
        1,
        -0.000060999998822808266,
        -0.000001000000338535756,
        0,
        0.000001000000338535756,
        9.44896494381453e-10,
        1,
        0,
        -0.000060999998822808266,
        -1,
        1.0058964772241552e-9,
        0,
        51.087928771972656,
        325.7384033203125,
        91.09835815429688,
        1
      ]
    },
    {
      "mesh": 15,
      "matrix": [
        1,
        0,
        0,
        0,
        0,
        4.4896641959724086e-11,
        -1,
        0,
        0,
        1,
        4.4896641959724086e-11,
        0,
        24.52630043029785,
        213.73817443847656,
        283.0735778808594,
        1
      ]
    },
    {
      "mesh": 16,
      "matrix": [
        0.9026297926902772,
        -0.4304177761077881,
        0,
        0,
        0.4304177761077881,
        0.9026297926902772,
        0,
        0,
        0,
        0,
        1,
        0,
        353.9793395996094,
        330.9040222167969,
        -5.389931201934815,
        1
      ]
    },
    {
      "mesh": 17,
      "matrix": [
        0.9026297330856324,
        0.4304178953170777,
        0,
        0,
        -0.4304178953170777,
        0.9026297330856324,
        0,
        0,
        0,
        0,
        1,
        0,
        277.7611083984375,
        580.0806274414062,
        -5.3898539543151855,
        1
      ]
    },
    {
      "mesh": 18,
      "matrix": [
        1,
        0,
        0,
        0,
        0,
        4.4896641959724086e-11,
        1,
        0,
        0,
        -1,
        4.4896641959724086e-11,
        0,
        49.58733749389649,
        175.73818969726565,
        89.59835815429688,
        1
      ]
    },
    {
      "mesh": 19,
      "matrix": [
        0.9999933242797852,
        -1.649976856532565e-11,
        0.003653998486697674,
        0,
        0.003653998486697674,
        9.031045244967117e-9,
        -0.9999933242797852,
        0,
        -1.649976856532565e-11,
        1,
        9.031045244967117e-9,
        0,
        81.19497680664062,
        247.73817443847656,
        220.1460723876953,
        1
      ]
    },
    {
      "mesh": 19,
      "matrix": [
        0.9999898672103882,
        -4.353116391658807e-12,
        -0.004497999791055918,
        0,
        -0.004497999791055918,
        -1.9355692604250407e-9,
        -0.9999898672103882,
        0,
        -4.353116391658807e-12,
        1,
        -1.9355692604250407e-9,
        0,
        -23.12494468688965,
        247.73817443847656,
        220.35459899902344,
        1
      ]
    },
    {
      "mesh": 20,
      "matrix": [
        -2.907086411596538e-7,
        0.7071071863174438,
        -0.7071064114570618,
        0,
        7.018321639407077e-7,
        -0.7071064114570618,
        -0.7071071863174438,
        0,
        -1,
        -7.018321639407077e-7,
        -2.907086411596538e-7,
        0,
        65,
        128.71702575683597,
        -3.270524024963379,
        1
      ]
    },
    {
      "mesh": 21,
      "matrix": [
        4.4896641959724086e-11,
        0,
        -1,
        0,
        0,
        1,
        0,
        0,
        1,
        0,
        4.4896641959724086e-11,
        0,
        223.9999847412109,
        31.98792839050293,
        23.50873374938965,
        1
      ]
    },
    {
      "mesh": 22,
      "matrix": [
        4.4896641959724086e-11,
        0,
        -1,
        0,
        0,
        1,
        0,
        0,
        1,
        0,
        4.4896641959724086e-11,
        0,
        223.9999847412109,
        30.487924575805664,
        25.008731842041016,
        1
      ]
    },
    {
      "mesh": 23,
      "matrix": [
        1.1084333451094608e-10,
        -0.0009251347510144116,
        -0.9999995827674866,
        0,
        2.396268712345773e-7,
        -0.9999995827674866,
        0.0009251347510144116,
        0,
        -1,
        -2.396268712345773e-7,
        1.1084333451094608e-10,
        0,
        -295,
        21.498876571655277,
        0.49255698919296265,
        1
      ]
    },
    {
      "mesh": 23,
      "matrix": [
        5.062397168131838e-10,
        0.002356505487114191,
        -0.9999971985816956,
        0,
        -4.2965237412317947e-7,
        -0.9999971985816956,
        -0.002356505487114191,
        0,
        -1,
        4.2965237412317947e-7,
        5.062397168131838e-10,
        0,
        -295,
        21.60527801513672,
        -105.32867431640624,
        1
      ]
    },
    {
      "mesh": 24,
      "matrix": [
        -1,
        6.349337028366264e-11,
        6.349337028366264e-11,
        0,
        -6.349337028366264e-11,
        -2.220446049250313e-16,
        -1,
        0,
        -6.349337028366264e-11,
        -1,
        -2.220446049250313e-16,
        0,
        -126.93566131591795,
        0.000003000000106112566,
        36.558841705322266,
        1
      ]
    },
    {
      "mesh": 25,
      "matrix": [
        1,
        0,
        0,
        0,
        0,
        4.4896641959724086e-11,
        1,
        0,
        0,
        -1,
        4.4896641959724086e-11,
        0,
        126.93566131591795,
        -0.00005299999975250103,
        -36.5588493347168,
        1
      ]
    },
    {
      "mesh": 26
    },
    {
      "mesh": 27,
      "matrix": [
        -0.9861037135124208,
        0.16613073647022247,
        0,
        0,
        -0.16613073647022247,
        -0.9861037135124208,
        0,
        0,
        0,
        0,
        1,
        0,
        -71.01806640625,
        -22.193012237548828,
        -20,
        1
      ]
    },
    {
      "mesh": 27,
      "matrix": [
        0.9861037135124208,
        -0.16613082587718964,
        0,
        0,
        0.16613082587718964,
        0.9861037135124208,
        0,
        0,
        0,
        0,
        1,
        0,
        71.01806640625,
        22.19301414489746,
        22,
        1
      ]
    },
    {
      "mesh": 28,
      "matrix": [
        4.4896641959724086e-11,
        0,
        1,
        0,
        0,
        1,
        0,
        0,
        -1,
        0,
        4.4896641959724086e-11,
        0,
        -100,
        -66.15117645263672,
        -5.627896785736084,
        1
      ]
    },
    {
      "mesh": 28,
      "matrix": [
        4.4896641959724086e-11,
        0,
        1,
        0,
        0,
        1,
        0,
        0,
        -1,
        0,
        4.4896641959724086e-11,
        0,
        -100,
        -66.15116882324219,
        14.372098922729492,
        1
      ]
    },
    {
      "mesh": 28,
      "matrix": [
        -2.220446049250313e-16,
        6.349337028366264e-11,
        1,
        0,
        -6.349337028366264e-11,
        -1,
        6.349337028366264e-11,
        0,
        1,
        -6.349337028366264e-11,
        -2.220446049250313e-16,
        0,
        100,
        -133.8488311767578,
        34.37212753295899,
        1
      ]
    },
    {
      "mesh": 28,
      "matrix": [
        -2.220446049250313e-16,
        6.349337028366264e-11,
        1,
        0,
        -6.349337028366264e-11,
        -1,
        6.349337028366264e-11,
        0,
        1,
        -6.349337028366264e-11,
        -2.220446049250313e-16,
        0,
        100,
        -133.8488311767578,
        54.37212371826172,
        1
      ]
    },
    {
      "mesh": 23,
      "matrix": [
        5.062397168131838e-10,
        0.002356505487114191,
        -0.9999971985816956,
        0,
        -4.2965237412317947e-7,
        -0.9999971985816956,
        -0.002356505487114191,
        0,
        -1,
        4.2965237412317947e-7,
        5.062397168131838e-10,
        0,
        -295,
        123.80779266357422,
        -100.10150146484376,
        1
      ]
    },
    {
      "mesh": 23,
      "matrix": [
        5.062397168131838e-10,
        0.002356505487114191,
        -0.9999971985816956,
        0,
        -4.2965237412317947e-7,
        -0.9999971985816956,
        -0.002356505487114191,
        0,
        -1,
        4.2965237412317947e-7,
        5.062397168131838e-10,
        0,
        -295,
        132.1395263671875,
        -3.9833459854125977,
        1
      ]
    },
    {
      "matrix": [
        0.7071067690849304,
        -2.1563657526257887e-7,
        -0.7071068286895752,
        0,
        -0.3312943577766419,
        0.883452296257019,
        -0.33129459619522095,
        0,
        0.6246951818466187,
        0.4685211479663849,
        0.6246950030326843,
        0,
        1005.9874267578124,
        766.3170776367188,
        953.3455810546876,
        1
      ],
      "camera": 0
    }
  ],
  "cameras": [
    {
      "perspective": {
        "aspectRatio": 1,
        "yfov": 0.3143463730812073,
        "zfar": 1000000,
        "znear": 0.04999999701976776
      },
      "type": "perspective"
    }
  ],
  "meshes": [
    {
      "primitives": [
        {
          "attributes": {
            "NORMAL": 1,
            "POSITION": 2
          },
          "indices": 0,
          "mode": 4,
          "material": 0,
          "extensions": {
            "KHR_draco_mesh_compression": {
              "bufferView": 0,
              "attributes": {
                "NORMAL": 0,
                "POSITION": 1
              }
            }
          }
        },
        {
          "attributes": {
            "NORMAL": 4,
            "POSITION": 5
          },
          "indices": 3,
          "mode": 4,
          "material": 1,
          "extensions": {
            "KHR_draco_mesh_compression": {
              "bufferView": 1,
              "attributes": {
                "NORMAL": 0,
                "POSITION": 1
              }
            }
          }
        }
      ],
      "name": "Piston_123-844_0_Parts_1"
    },
    {
      "primitives": [
        {
          "attributes": {
            "NORMAL": 7,
            "POSITION": 8
          },
          "indices": 6,
          "mode": 4,
          "material": 2,
          "extensions": {
            "KHR_draco_mesh_compression": {
              "bufferView": 2,
              "attributes": {
                "NORMAL": 0,
                "POSITION": 1
              }
            }
          }
        }
      ],
      "name": "body_24"
    },
    {
      "primitives": [
        {
          "attributes": {
            "NORMAL": 10,
            "POSITION": 11
          },
          "indices": 9,
          "mode": 4,
          "material": 3,
          "extensions": {
            "KHR_draco_mesh_compression": {
              "bufferView": 3,
              "attributes": {
                "NORMAL": 0,
                "POSITION": 1
              }
            }
          }
        }
      ],
      "name": "body_23"
    },
    {
      "primitives": [
        {
          "attributes": {
            "NORMAL": 13,
            "POSITION": 14
          },
          "indices": 12,
          "mode": 4,
          "material": 4,
          "extensions": {
            "KHR_draco_mesh_compression": {
              "bufferView": 4,
              "attributes": {
                "NORMAL": 0,
                "POSITION": 1
              }
            }
          }
        }
      ],
      "name": "body_22"
    },
    {
      "primitives": [
        {
          "attributes": {
            "NORMAL": 16,
            "POSITION": 17
          },
          "indices": 15,
          "mode": 4,
          "material": 5,
          "extensions": {
            "KHR_draco_mesh_compression": {
              "bufferView": 5,
              "attributes": {
                "NORMAL": 0,
                "POSITION": 1
              }
            }
          }
        }
      ],
      "name": "body_21"
    },
    {
      "primitives": [
        {
          "attributes": {
            "NORMAL": 19,
            "POSITION": 20
          },
          "indices": 18,
          "mode": 4,
          "material": 6,
          "extensions": {
            "KHR_draco_mesh_compression": {
              "bufferView": 6,
              "attributes": {
                "NORMAL": 0,
                "POSITION": 1
              }
            }
          }
        }
      ],
      "name": "body_20"
    },
    {
      "primitives": [
        {
          "attributes": {
            "NORMAL": 22,
            "POSITION": 23
          },
          "indices": 21,
          "mode": 4,
          "material": 7,
          "extensions": {
            "KHR_draco_mesh_compression": {
              "bufferView": 7,
              "attributes": {
                "NORMAL": 0,
                "POSITION": 1
              }
            }
          }
        },
        {
          "attributes": {
            "NORMAL": 25,
            "POSITION": 26
          },
          "indices": 24,
          "mode": 4,
          "material": 8,
          "extensions": {
            "KHR_draco_mesh_compression": {
              "bufferView": 8,
              "attributes": {
                "NORMAL": 0,
                "POSITION": 1
              }
            }
          }
        },
        {
          "attributes": {
            "NORMAL": 28,
            "POSITION": 29
          },
          "indices": 27,
          "mode": 4,
          "material": 9,
          "extensions": {
            "KHR_draco_mesh_compression": {
              "bufferView": 9,
              "attributes": {
                "NORMAL": 0,
                "POSITION": 1
              }
            }
          }
        }
      ],
      "name": "Spring_Link__0_Parts_1"
    },
    {
      "primitives": [
        {
          "attributes": {
            "NORMAL": 31,
            "POSITION": 32
          },
          "indices": 30,
          "mode": 4,
          "material": 10,
          "extensions": {
            "KHR_draco_mesh_compression": {
              "bufferView": 10,
              "attributes": {
                "NORMAL": 0,
                "POSITION": 1
              }
            }
          }
        }
      ],
      "name": "body_19"
    },
    {
      "primitives": [
        {
          "attributes": {
            "NORMAL": 34,
            "POSITION": 35
          },
          "indices": 33,
          "mode": 4,
          "material": 11,
          "extensions": {
            "KHR_draco_mesh_compression": {
              "bufferView": 11,
              "attributes": {
                "NORMAL": 0,
                "POSITION": 1
              }
            }
          }
        }
      ],
      "name": "body_18"
    },
    {
      "primitives": [
        {
          "attributes": {
            "NORMAL": 37,
            "POSITION": 38
          },
          "indices": 36,
          "mode": 4,
          "material": 12,
          "extensions": {
            "KHR_draco_mesh_compression": {
              "bufferView": 12,
              "attributes": {
                "NORMAL": 0,
                "POSITION": 1
              }
            }
          }
        }
      ],
      "name": "body_17"
    },
    {
      "primitives": [
        {
          "attributes": {
            "NORMAL": 40,
            "POSITION": 41
          },
          "indices": 39,
          "mode": 4,
          "material": 13,
          "extensions": {
            "KHR_draco_mesh_compression": {
              "bufferView": 13,
              "attributes": {
                "NORMAL": 0,
                "POSITION": 1
              }
            }
          }
        }
      ],
      "name": "body_16"
    },
    {
      "primitives": [
        {
          "attributes": {
            "NORMAL": 43,
            "POSITION": 44
          },
          "indices": 42,
          "mode": 4,
          "material": 14,
          "extensions": {
            "KHR_draco_mesh_compression": {
              "bufferView": 14,
              "attributes": {
                "NORMAL": 0,
                "POSITION": 1
              }
            }
          }
        }
      ],
      "name": "body_15"
    },
    {
      "primitives": [
        {
          "attributes": {
            "NORMAL": 46,
            "POSITION": 47
          },
          "indices": 45,
          "mode": 4,
          "material": 15,
          "extensions": {
            "KHR_draco_mesh_compression": {
              "bufferView": 15,
              "attributes": {
                "NORMAL": 0,
                "POSITION": 1
              }
            }
          }
        }
      ],
      "name": "body_14"
    },
    {
      "primitives": [
        {
          "attributes": {
            "NORMAL": 49,
            "POSITION": 50
          },
          "indices": 48,
          "mode": 4,
          "material": 16,
          "extensions": {
